{
 "cells": [
  {
   "cell_type": "markdown",
   "metadata": {
    "id": "rdtu8QtE0qeg"
   },
   "source": [
    "# Formative Assignment: Advanced Linear Algebra (PCA)\n",
    "This notebook will guide you through the implementation of Principal Component Analysis (PCA). Fill in the missing code and provide the required answers in the appropriate sections. You will work with the `fuel_econ.csv` dataset.\n",
    "\n",
    "Make sure to display outputs for each code cell when submitting."
   ]
  },
  {
   "cell_type": "markdown",
   "metadata": {
    "id": "DZcoG75t0qei"
   },
   "source": [
    "### Step 1: Load and Standardize the Data\n",
    "Before applying PCA, we must standardize the dataset. Standardization ensures that all features have a mean of 0 and a standard deviation of 1, which is essential for PCA.\n",
    "Fill in the code to standardize the dataset."
   ]
  },
  {
   "cell_type": "code",
   "execution_count": 4,
   "metadata": {
    "colab": {
     "base_uri": "https://localhost:8080/"
    },
    "id": "zc7z5tZg0qei",
    "outputId": "16826c1b-8a8b-4b45-bd81-23d9f4713da7"
   },
   "outputs": [
    {
     "ename": "FileNotFoundError",
     "evalue": "[Errno 2] No such file or directory: 'fuel_econ.csv'",
     "output_type": "error",
     "traceback": [
      "\u001b[1;31m---------------------------------------------------------------------------\u001b[0m",
      "\u001b[1;31mFileNotFoundError\u001b[0m                         Traceback (most recent call last)",
      "Cell \u001b[1;32mIn[4], line 7\u001b[0m\n\u001b[0;32m      3\u001b[0m \u001b[38;5;28;01mimport\u001b[39;00m\u001b[38;5;250m \u001b[39m\u001b[38;5;21;01mpandas\u001b[39;00m\u001b[38;5;250m \u001b[39m\u001b[38;5;28;01mas\u001b[39;00m\u001b[38;5;250m \u001b[39m\u001b[38;5;21;01mpd\u001b[39;00m \n\u001b[0;32m      4\u001b[0m \u001b[38;5;28;01mimport\u001b[39;00m\u001b[38;5;250m \u001b[39m\u001b[38;5;21;01mmatplotlib\u001b[39;00m\u001b[38;5;21;01m.\u001b[39;00m\u001b[38;5;21;01mpyplot\u001b[39;00m\u001b[38;5;250m \u001b[39m\u001b[38;5;28;01mas\u001b[39;00m\u001b[38;5;250m \u001b[39m\u001b[38;5;21;01mplt\u001b[39;00m\n\u001b[1;32m----> 7\u001b[0m df \u001b[38;5;241m=\u001b[39m \u001b[43mpd\u001b[49m\u001b[38;5;241;43m.\u001b[39;49m\u001b[43mread_csv\u001b[49m\u001b[43m(\u001b[49m\u001b[38;5;124;43m'\u001b[39;49m\u001b[38;5;124;43mfuel_econ.csv\u001b[39;49m\u001b[38;5;124;43m'\u001b[39;49m\u001b[43m)\u001b[49m\n\u001b[0;32m      8\u001b[0m id_cols \u001b[38;5;241m=\u001b[39m [\u001b[38;5;124m\"\u001b[39m\u001b[38;5;124mid\u001b[39m\u001b[38;5;124m\"\u001b[39m, \u001b[38;5;124m\"\u001b[39m\u001b[38;5;124mindex\u001b[39m\u001b[38;5;124m\"\u001b[39m] \u001b[38;5;66;03m#\u001b[39;00m\n\u001b[0;32m      9\u001b[0m df \u001b[38;5;241m=\u001b[39m df\u001b[38;5;241m.\u001b[39mdrop(columns\u001b[38;5;241m=\u001b[39m[col \u001b[38;5;28;01mfor\u001b[39;00m col \u001b[38;5;129;01min\u001b[39;00m id_cols \u001b[38;5;28;01mif\u001b[39;00m col \u001b[38;5;129;01min\u001b[39;00m df\u001b[38;5;241m.\u001b[39mcolumns])\n",
      "File \u001b[1;32mc:\\Python312\\Lib\\site-packages\\pandas\\io\\parsers\\readers.py:1026\u001b[0m, in \u001b[0;36mread_csv\u001b[1;34m(filepath_or_buffer, sep, delimiter, header, names, index_col, usecols, dtype, engine, converters, true_values, false_values, skipinitialspace, skiprows, skipfooter, nrows, na_values, keep_default_na, na_filter, verbose, skip_blank_lines, parse_dates, infer_datetime_format, keep_date_col, date_parser, date_format, dayfirst, cache_dates, iterator, chunksize, compression, thousands, decimal, lineterminator, quotechar, quoting, doublequote, escapechar, comment, encoding, encoding_errors, dialect, on_bad_lines, delim_whitespace, low_memory, memory_map, float_precision, storage_options, dtype_backend)\u001b[0m\n\u001b[0;32m   1013\u001b[0m kwds_defaults \u001b[38;5;241m=\u001b[39m _refine_defaults_read(\n\u001b[0;32m   1014\u001b[0m     dialect,\n\u001b[0;32m   1015\u001b[0m     delimiter,\n\u001b[1;32m   (...)\u001b[0m\n\u001b[0;32m   1022\u001b[0m     dtype_backend\u001b[38;5;241m=\u001b[39mdtype_backend,\n\u001b[0;32m   1023\u001b[0m )\n\u001b[0;32m   1024\u001b[0m kwds\u001b[38;5;241m.\u001b[39mupdate(kwds_defaults)\n\u001b[1;32m-> 1026\u001b[0m \u001b[38;5;28;01mreturn\u001b[39;00m \u001b[43m_read\u001b[49m\u001b[43m(\u001b[49m\u001b[43mfilepath_or_buffer\u001b[49m\u001b[43m,\u001b[49m\u001b[43m \u001b[49m\u001b[43mkwds\u001b[49m\u001b[43m)\u001b[49m\n",
      "File \u001b[1;32mc:\\Python312\\Lib\\site-packages\\pandas\\io\\parsers\\readers.py:620\u001b[0m, in \u001b[0;36m_read\u001b[1;34m(filepath_or_buffer, kwds)\u001b[0m\n\u001b[0;32m    617\u001b[0m _validate_names(kwds\u001b[38;5;241m.\u001b[39mget(\u001b[38;5;124m\"\u001b[39m\u001b[38;5;124mnames\u001b[39m\u001b[38;5;124m\"\u001b[39m, \u001b[38;5;28;01mNone\u001b[39;00m))\n\u001b[0;32m    619\u001b[0m \u001b[38;5;66;03m# Create the parser.\u001b[39;00m\n\u001b[1;32m--> 620\u001b[0m parser \u001b[38;5;241m=\u001b[39m \u001b[43mTextFileReader\u001b[49m\u001b[43m(\u001b[49m\u001b[43mfilepath_or_buffer\u001b[49m\u001b[43m,\u001b[49m\u001b[43m \u001b[49m\u001b[38;5;241;43m*\u001b[39;49m\u001b[38;5;241;43m*\u001b[39;49m\u001b[43mkwds\u001b[49m\u001b[43m)\u001b[49m\n\u001b[0;32m    622\u001b[0m \u001b[38;5;28;01mif\u001b[39;00m chunksize \u001b[38;5;129;01mor\u001b[39;00m iterator:\n\u001b[0;32m    623\u001b[0m     \u001b[38;5;28;01mreturn\u001b[39;00m parser\n",
      "File \u001b[1;32mc:\\Python312\\Lib\\site-packages\\pandas\\io\\parsers\\readers.py:1620\u001b[0m, in \u001b[0;36mTextFileReader.__init__\u001b[1;34m(self, f, engine, **kwds)\u001b[0m\n\u001b[0;32m   1617\u001b[0m     \u001b[38;5;28mself\u001b[39m\u001b[38;5;241m.\u001b[39moptions[\u001b[38;5;124m\"\u001b[39m\u001b[38;5;124mhas_index_names\u001b[39m\u001b[38;5;124m\"\u001b[39m] \u001b[38;5;241m=\u001b[39m kwds[\u001b[38;5;124m\"\u001b[39m\u001b[38;5;124mhas_index_names\u001b[39m\u001b[38;5;124m\"\u001b[39m]\n\u001b[0;32m   1619\u001b[0m \u001b[38;5;28mself\u001b[39m\u001b[38;5;241m.\u001b[39mhandles: IOHandles \u001b[38;5;241m|\u001b[39m \u001b[38;5;28;01mNone\u001b[39;00m \u001b[38;5;241m=\u001b[39m \u001b[38;5;28;01mNone\u001b[39;00m\n\u001b[1;32m-> 1620\u001b[0m \u001b[38;5;28mself\u001b[39m\u001b[38;5;241m.\u001b[39m_engine \u001b[38;5;241m=\u001b[39m \u001b[38;5;28;43mself\u001b[39;49m\u001b[38;5;241;43m.\u001b[39;49m\u001b[43m_make_engine\u001b[49m\u001b[43m(\u001b[49m\u001b[43mf\u001b[49m\u001b[43m,\u001b[49m\u001b[43m \u001b[49m\u001b[38;5;28;43mself\u001b[39;49m\u001b[38;5;241;43m.\u001b[39;49m\u001b[43mengine\u001b[49m\u001b[43m)\u001b[49m\n",
      "File \u001b[1;32mc:\\Python312\\Lib\\site-packages\\pandas\\io\\parsers\\readers.py:1880\u001b[0m, in \u001b[0;36mTextFileReader._make_engine\u001b[1;34m(self, f, engine)\u001b[0m\n\u001b[0;32m   1878\u001b[0m     \u001b[38;5;28;01mif\u001b[39;00m \u001b[38;5;124m\"\u001b[39m\u001b[38;5;124mb\u001b[39m\u001b[38;5;124m\"\u001b[39m \u001b[38;5;129;01mnot\u001b[39;00m \u001b[38;5;129;01min\u001b[39;00m mode:\n\u001b[0;32m   1879\u001b[0m         mode \u001b[38;5;241m+\u001b[39m\u001b[38;5;241m=\u001b[39m \u001b[38;5;124m\"\u001b[39m\u001b[38;5;124mb\u001b[39m\u001b[38;5;124m\"\u001b[39m\n\u001b[1;32m-> 1880\u001b[0m \u001b[38;5;28mself\u001b[39m\u001b[38;5;241m.\u001b[39mhandles \u001b[38;5;241m=\u001b[39m \u001b[43mget_handle\u001b[49m\u001b[43m(\u001b[49m\n\u001b[0;32m   1881\u001b[0m \u001b[43m    \u001b[49m\u001b[43mf\u001b[49m\u001b[43m,\u001b[49m\n\u001b[0;32m   1882\u001b[0m \u001b[43m    \u001b[49m\u001b[43mmode\u001b[49m\u001b[43m,\u001b[49m\n\u001b[0;32m   1883\u001b[0m \u001b[43m    \u001b[49m\u001b[43mencoding\u001b[49m\u001b[38;5;241;43m=\u001b[39;49m\u001b[38;5;28;43mself\u001b[39;49m\u001b[38;5;241;43m.\u001b[39;49m\u001b[43moptions\u001b[49m\u001b[38;5;241;43m.\u001b[39;49m\u001b[43mget\u001b[49m\u001b[43m(\u001b[49m\u001b[38;5;124;43m\"\u001b[39;49m\u001b[38;5;124;43mencoding\u001b[39;49m\u001b[38;5;124;43m\"\u001b[39;49m\u001b[43m,\u001b[49m\u001b[43m \u001b[49m\u001b[38;5;28;43;01mNone\u001b[39;49;00m\u001b[43m)\u001b[49m\u001b[43m,\u001b[49m\n\u001b[0;32m   1884\u001b[0m \u001b[43m    \u001b[49m\u001b[43mcompression\u001b[49m\u001b[38;5;241;43m=\u001b[39;49m\u001b[38;5;28;43mself\u001b[39;49m\u001b[38;5;241;43m.\u001b[39;49m\u001b[43moptions\u001b[49m\u001b[38;5;241;43m.\u001b[39;49m\u001b[43mget\u001b[49m\u001b[43m(\u001b[49m\u001b[38;5;124;43m\"\u001b[39;49m\u001b[38;5;124;43mcompression\u001b[39;49m\u001b[38;5;124;43m\"\u001b[39;49m\u001b[43m,\u001b[49m\u001b[43m \u001b[49m\u001b[38;5;28;43;01mNone\u001b[39;49;00m\u001b[43m)\u001b[49m\u001b[43m,\u001b[49m\n\u001b[0;32m   1885\u001b[0m \u001b[43m    \u001b[49m\u001b[43mmemory_map\u001b[49m\u001b[38;5;241;43m=\u001b[39;49m\u001b[38;5;28;43mself\u001b[39;49m\u001b[38;5;241;43m.\u001b[39;49m\u001b[43moptions\u001b[49m\u001b[38;5;241;43m.\u001b[39;49m\u001b[43mget\u001b[49m\u001b[43m(\u001b[49m\u001b[38;5;124;43m\"\u001b[39;49m\u001b[38;5;124;43mmemory_map\u001b[39;49m\u001b[38;5;124;43m\"\u001b[39;49m\u001b[43m,\u001b[49m\u001b[43m \u001b[49m\u001b[38;5;28;43;01mFalse\u001b[39;49;00m\u001b[43m)\u001b[49m\u001b[43m,\u001b[49m\n\u001b[0;32m   1886\u001b[0m \u001b[43m    \u001b[49m\u001b[43mis_text\u001b[49m\u001b[38;5;241;43m=\u001b[39;49m\u001b[43mis_text\u001b[49m\u001b[43m,\u001b[49m\n\u001b[0;32m   1887\u001b[0m \u001b[43m    \u001b[49m\u001b[43merrors\u001b[49m\u001b[38;5;241;43m=\u001b[39;49m\u001b[38;5;28;43mself\u001b[39;49m\u001b[38;5;241;43m.\u001b[39;49m\u001b[43moptions\u001b[49m\u001b[38;5;241;43m.\u001b[39;49m\u001b[43mget\u001b[49m\u001b[43m(\u001b[49m\u001b[38;5;124;43m\"\u001b[39;49m\u001b[38;5;124;43mencoding_errors\u001b[39;49m\u001b[38;5;124;43m\"\u001b[39;49m\u001b[43m,\u001b[49m\u001b[43m \u001b[49m\u001b[38;5;124;43m\"\u001b[39;49m\u001b[38;5;124;43mstrict\u001b[39;49m\u001b[38;5;124;43m\"\u001b[39;49m\u001b[43m)\u001b[49m\u001b[43m,\u001b[49m\n\u001b[0;32m   1888\u001b[0m \u001b[43m    \u001b[49m\u001b[43mstorage_options\u001b[49m\u001b[38;5;241;43m=\u001b[39;49m\u001b[38;5;28;43mself\u001b[39;49m\u001b[38;5;241;43m.\u001b[39;49m\u001b[43moptions\u001b[49m\u001b[38;5;241;43m.\u001b[39;49m\u001b[43mget\u001b[49m\u001b[43m(\u001b[49m\u001b[38;5;124;43m\"\u001b[39;49m\u001b[38;5;124;43mstorage_options\u001b[39;49m\u001b[38;5;124;43m\"\u001b[39;49m\u001b[43m,\u001b[49m\u001b[43m \u001b[49m\u001b[38;5;28;43;01mNone\u001b[39;49;00m\u001b[43m)\u001b[49m\u001b[43m,\u001b[49m\n\u001b[0;32m   1889\u001b[0m \u001b[43m\u001b[49m\u001b[43m)\u001b[49m\n\u001b[0;32m   1890\u001b[0m \u001b[38;5;28;01massert\u001b[39;00m \u001b[38;5;28mself\u001b[39m\u001b[38;5;241m.\u001b[39mhandles \u001b[38;5;129;01mis\u001b[39;00m \u001b[38;5;129;01mnot\u001b[39;00m \u001b[38;5;28;01mNone\u001b[39;00m\n\u001b[0;32m   1891\u001b[0m f \u001b[38;5;241m=\u001b[39m \u001b[38;5;28mself\u001b[39m\u001b[38;5;241m.\u001b[39mhandles\u001b[38;5;241m.\u001b[39mhandle\n",
      "File \u001b[1;32mc:\\Python312\\Lib\\site-packages\\pandas\\io\\common.py:873\u001b[0m, in \u001b[0;36mget_handle\u001b[1;34m(path_or_buf, mode, encoding, compression, memory_map, is_text, errors, storage_options)\u001b[0m\n\u001b[0;32m    868\u001b[0m \u001b[38;5;28;01melif\u001b[39;00m \u001b[38;5;28misinstance\u001b[39m(handle, \u001b[38;5;28mstr\u001b[39m):\n\u001b[0;32m    869\u001b[0m     \u001b[38;5;66;03m# Check whether the filename is to be opened in binary mode.\u001b[39;00m\n\u001b[0;32m    870\u001b[0m     \u001b[38;5;66;03m# Binary mode does not support 'encoding' and 'newline'.\u001b[39;00m\n\u001b[0;32m    871\u001b[0m     \u001b[38;5;28;01mif\u001b[39;00m ioargs\u001b[38;5;241m.\u001b[39mencoding \u001b[38;5;129;01mand\u001b[39;00m \u001b[38;5;124m\"\u001b[39m\u001b[38;5;124mb\u001b[39m\u001b[38;5;124m\"\u001b[39m \u001b[38;5;129;01mnot\u001b[39;00m \u001b[38;5;129;01min\u001b[39;00m ioargs\u001b[38;5;241m.\u001b[39mmode:\n\u001b[0;32m    872\u001b[0m         \u001b[38;5;66;03m# Encoding\u001b[39;00m\n\u001b[1;32m--> 873\u001b[0m         handle \u001b[38;5;241m=\u001b[39m \u001b[38;5;28;43mopen\u001b[39;49m\u001b[43m(\u001b[49m\n\u001b[0;32m    874\u001b[0m \u001b[43m            \u001b[49m\u001b[43mhandle\u001b[49m\u001b[43m,\u001b[49m\n\u001b[0;32m    875\u001b[0m \u001b[43m            \u001b[49m\u001b[43mioargs\u001b[49m\u001b[38;5;241;43m.\u001b[39;49m\u001b[43mmode\u001b[49m\u001b[43m,\u001b[49m\n\u001b[0;32m    876\u001b[0m \u001b[43m            \u001b[49m\u001b[43mencoding\u001b[49m\u001b[38;5;241;43m=\u001b[39;49m\u001b[43mioargs\u001b[49m\u001b[38;5;241;43m.\u001b[39;49m\u001b[43mencoding\u001b[49m\u001b[43m,\u001b[49m\n\u001b[0;32m    877\u001b[0m \u001b[43m            \u001b[49m\u001b[43merrors\u001b[49m\u001b[38;5;241;43m=\u001b[39;49m\u001b[43merrors\u001b[49m\u001b[43m,\u001b[49m\n\u001b[0;32m    878\u001b[0m \u001b[43m            \u001b[49m\u001b[43mnewline\u001b[49m\u001b[38;5;241;43m=\u001b[39;49m\u001b[38;5;124;43m\"\u001b[39;49m\u001b[38;5;124;43m\"\u001b[39;49m\u001b[43m,\u001b[49m\n\u001b[0;32m    879\u001b[0m \u001b[43m        \u001b[49m\u001b[43m)\u001b[49m\n\u001b[0;32m    880\u001b[0m     \u001b[38;5;28;01melse\u001b[39;00m:\n\u001b[0;32m    881\u001b[0m         \u001b[38;5;66;03m# Binary mode\u001b[39;00m\n\u001b[0;32m    882\u001b[0m         handle \u001b[38;5;241m=\u001b[39m \u001b[38;5;28mopen\u001b[39m(handle, ioargs\u001b[38;5;241m.\u001b[39mmode)\n",
      "\u001b[1;31mFileNotFoundError\u001b[0m: [Errno 2] No such file or directory: 'fuel_econ.csv'"
     ]
    }
   ],
   "source": [
    "# Step 1: Load and Standardize the data (use of numpy only allowed)\n",
    "import numpy as np\n",
    "import pandas as pd \n",
    "import matplotlib.pyplot as plt\n",
    "\n",
    "\n",
    "df = pd.read_csv('fuel_econ.csv')\n",
    "id_cols = [\"id\", \"index\"] #\n",
    "df = df.drop(columns=[col for col in id_cols if col in df.columns])\n",
    "data = df.select_dtypes(include=[np.number]).values  # Selecting only numerical columns\n",
    "\n",
    "standardized_data = (data -np.mean(data, axis=0)) / np.std(data, axis=0)  # Do not use sklearn (Data - Data Mean)/ Data's Standard Deviation\n",
    "standardized_data[:5]  # Display the first few rows of standardized data"
   ]
  },
  {
   "cell_type": "markdown",
   "metadata": {
    "id": "Q2Ly0a-j0qej"
   },
   "source": [
    "### Step 3: Calculate the Covariance Matrix\n",
    "The covariance matrix helps us understand how the features are related to each other. It is a key component in PCA."
   ]
  },
  {
   "cell_type": "code",
   "execution_count": 2,
   "metadata": {
    "id": "aKy7U_3E0qej"
   },
   "outputs": [
    {
     "data": {
      "text/plain": [
       "array([[ 1.00025458, -0.05532701, -0.07044161,  0.00623397, -0.03365174,\n",
       "         0.06806739,  0.06675938,  0.07330836,  0.07766039,  0.07201181,\n",
       "        -0.0811853 , -0.1498676 , -0.14517775],\n",
       "       [-0.05532701,  1.00025458,  0.93411019,  0.24763384, -0.00426546,\n",
       "        -0.69327904, -0.66619842, -0.76646982, -0.77169964, -0.73821112,\n",
       "         0.84848979, -0.78405759, -0.78201448],\n",
       "       [-0.07044161,  0.93411019,  1.00025458,  0.2594021 ,  0.02207729,\n",
       "        -0.71366074, -0.6863403 , -0.78418374, -0.78865771, -0.75859024,\n",
       "         0.85559254, -0.7936343 , -0.79141752],\n",
       "       [ 0.00623397,  0.24763384,  0.2594021 ,  1.00025458, -0.66581137,\n",
       "        -0.27817962, -0.27261515, -0.29688365, -0.29858023, -0.29095711,\n",
       "         0.28727323, -0.2961638 , -0.29323103],\n",
       "       [-0.03365174, -0.00426546,  0.02207729, -0.66581137,  1.00025458,\n",
       "         0.03519659,  0.03787859,  0.07497068,  0.07746161,  0.04734493,\n",
       "        -0.05016567,  0.06489226,  0.06527952],\n",
       "       [ 0.06806739, -0.69327904, -0.71366074, -0.27817962,  0.03519659,\n",
       "         1.00025458,  0.99663082,  0.9156677 ,  0.90989004,  0.98980432,\n",
       "        -0.90453509,  0.9059112 ,  0.89902154],\n",
       "       [ 0.06675938, -0.66619842, -0.6863403 , -0.27261515,  0.03787859,\n",
       "         0.99663082,  1.00025458,  0.89978578,  0.89804238,  0.98135571,\n",
       "        -0.8860481 ,  0.89152389,  0.88468357],\n",
       "       [ 0.07330836, -0.76646982, -0.78418374, -0.29688365,  0.07497068,\n",
       "         0.9156677 ,  0.89978578,  1.00025458,  0.99244327,  0.9630022 ,\n",
       "        -0.91668944,  0.91434884,  0.89781322],\n",
       "       [ 0.07766039, -0.77169964, -0.78865771, -0.29858023,  0.07746161,\n",
       "         0.90989004,  0.89804238,  0.99244327,  1.00025458,  0.95682339,\n",
       "        -0.91234956,  0.91158665,  0.89454192],\n",
       "       [ 0.07201181, -0.73821112, -0.75859024, -0.29095711,  0.04734493,\n",
       "         0.98980432,  0.98135571,  0.9630022 ,  0.95682339,  1.00025458,\n",
       "        -0.92963549,  0.92909879,  0.91904062],\n",
       "       [-0.0811853 ,  0.84848979,  0.85559254,  0.28727323, -0.05016567,\n",
       "        -0.90453509, -0.8860481 , -0.91668944, -0.91234956, -0.92963549,\n",
       "         1.00025458, -0.94086368, -0.94480617],\n",
       "       [-0.1498676 , -0.78405759, -0.7936343 , -0.2961638 ,  0.06489226,\n",
       "         0.9059112 ,  0.89152389,  0.91434884,  0.91158665,  0.92909879,\n",
       "        -0.94086368,  1.00025458,  0.99448412],\n",
       "       [-0.14517775, -0.78201448, -0.79141752, -0.29323103,  0.06527952,\n",
       "         0.89902154,  0.88468357,  0.89781322,  0.89454192,  0.91904062,\n",
       "        -0.94480617,  0.99448412,  1.00025458]])"
      ]
     },
     "execution_count": 2,
     "metadata": {},
     "output_type": "execute_result"
    }
   ],
   "source": [
    "# Step 3: Calculate the Covariance Matrix\n",
    "cov_matrix = np.cov(standardized_data, rowvar=False)\n",
    "cov_matrix"
   ]
  },
  {
   "cell_type": "markdown",
   "metadata": {
    "id": "Yb5ajlDS0qek"
   },
   "source": [
    "### Step 4: Perform Eigendecomposition\n",
    "Eigendecomposition of the covariance matrix will give us the eigenvalues and eigenvectors, which are essential for PCA.\n",
    "Fill in the code to compute the eigenvalues and eigenvectors of the covariance matrix."
   ]
  },
  {
   "cell_type": "code",
   "execution_count": 3,
   "metadata": {
    "id": "zNmSUcrv0qek"
   },
   "outputs": [
    {
     "data": {
      "text/plain": [
       "(array([8.95438503e+00, 1.60217406e+00, 1.08130409e+00, 6.69846988e-01,\n",
       "        3.01556646e-01, 1.59640330e-01, 1.22456393e-01, 6.40188482e-02,\n",
       "        3.18517161e-02, 9.28848342e-03, 4.25474935e-03, 2.14474101e-03,\n",
       "        3.87495652e-04]),\n",
       " array([[-1.00979556e-02, -7.71359373e-02, -9.52382829e-01,\n",
       "         -3.36970085e-02, -3.06515611e-02, -9.83646387e-02,\n",
       "         -2.11590634e-01,  3.29899309e-03, -1.73263432e-01,\n",
       "          1.29538785e-02, -1.13954835e-02,  7.31999006e-03,\n",
       "          3.38792348e-03],\n",
       "        [ 2.81635408e-01,  6.02604172e-02,  3.86142993e-02,\n",
       "         -5.99579324e-01,  9.73891078e-02,  8.39615393e-02,\n",
       "         -2.52347721e-01,  6.79369876e-01,  1.16630151e-01,\n",
       "         -1.93458621e-02, -1.62995878e-02, -7.96619500e-03,\n",
       "          8.82700851e-04],\n",
       "        [ 2.86111823e-01,  7.03455458e-02,  5.28436618e-02,\n",
       "         -5.66831121e-01, -1.05200107e-02,  1.29682332e-02,\n",
       "         -2.41887602e-01, -7.26445903e-01,  4.71185434e-02,\n",
       "         -8.32926043e-04, -3.25709036e-03, -1.79507819e-02,\n",
       "         -5.97988436e-03],\n",
       "        [ 1.13801165e-01, -6.68122708e-01,  7.20384481e-02,\n",
       "         -1.09900028e-01, -7.14176115e-01, -6.33337986e-02,\n",
       "          7.86389060e-02,  5.32264657e-02, -1.62163203e-02,\n",
       "          4.91811183e-03, -2.40938044e-03, -4.80626071e-03,\n",
       "         -1.37795804e-03],\n",
       "        [-2.71584497e-02,  7.30642374e-01, -4.68937751e-02,\n",
       "         -4.25036377e-02, -6.60609537e-01, -9.67888858e-02,\n",
       "          1.07588520e-01,  6.09750053e-02, -1.55050147e-02,\n",
       "          8.11608240e-03, -3.55428598e-03, -5.44913112e-03,\n",
       "         -1.91399937e-03],\n",
       "        [-3.18002225e-01, -3.66618288e-02, -3.22117673e-02,\n",
       "         -3.09916096e-01,  9.03567457e-02, -2.55651770e-01,\n",
       "          3.30160800e-01,  1.71557037e-03,  4.53428707e-03,\n",
       "          1.67719991e-01, -2.73935908e-02, -4.69883196e-01,\n",
       "          6.06813368e-01],\n",
       "        [-3.13205216e-01, -3.45184741e-02, -3.13225789e-02,\n",
       "         -3.52385183e-01,  9.50033724e-02, -2.86385459e-01,\n",
       "          3.81774229e-01, -5.56457579e-03, -4.88414331e-02,\n",
       "         -3.40151545e-01,  3.48736693e-02,  6.40051975e-01,\n",
       "         -9.87850479e-02],\n",
       "        [-3.22265198e-01, -1.39655445e-02, -4.62876307e-02,\n",
       "         -1.09477040e-01, -8.58356650e-02,  5.79503319e-01,\n",
       "         -4.11677503e-02, -2.76449667e-02,  9.41843457e-02,\n",
       "          5.55613302e-01,  8.22685589e-02,  4.06618195e-01,\n",
       "          2.15611104e-01],\n",
       "        [-3.21741029e-01, -1.22995293e-02, -5.12421243e-02,\n",
       "         -9.54838946e-02, -9.04258717e-02,  5.98812964e-01,\n",
       "         -2.30838728e-02, -3.25302926e-02, -3.33310911e-02,\n",
       "         -6.64174900e-01,  1.53868173e-02, -2.69545962e-01,\n",
       "          3.33552654e-02],\n",
       "        [-3.26381026e-01, -3.08378278e-02, -3.80694371e-02,\n",
       "         -2.34453620e-01,  3.40978938e-02,  2.11422782e-02,\n",
       "          1.95168667e-01, -2.27956887e-04,  2.42310981e-02,\n",
       "          3.08164652e-01,  2.78795029e-03, -3.55821342e-01,\n",
       "         -7.57784237e-01],\n",
       "        [ 3.24625792e-01,  3.55967151e-02,  3.88076740e-02,\n",
       "         -8.04580932e-02,  7.37051419e-02,  2.44670046e-01,\n",
       "          3.59155769e-01,  2.71646649e-02, -8.21152222e-01,\n",
       "          9.58466452e-02,  8.18147236e-02, -1.27489950e-02,\n",
       "          3.32060378e-03],\n",
       "        [-3.22388020e-01, -8.27527347e-03,  1.89968380e-01,\n",
       "         -3.17872655e-02, -4.07232402e-02, -1.17031867e-01,\n",
       "         -4.02197379e-01,  1.92032444e-02, -3.97549284e-01,\n",
       "          3.93343384e-02, -7.20042352e-01,  5.77991886e-02,\n",
       "          4.28663373e-03],\n",
       "        [-3.20305608e-01, -8.68875770e-03,  1.88320369e-01,\n",
       "         -2.02216689e-02, -4.49956882e-02, -2.32260667e-01,\n",
       "         -4.79008644e-01,  3.47551836e-02, -3.29154083e-01,\n",
       "          6.72295766e-04,  6.82232774e-01, -3.07521169e-02,\n",
       "          9.91962175e-03]]))"
      ]
     },
     "execution_count": 3,
     "metadata": {},
     "output_type": "execute_result"
    }
   ],
   "source": [
    "# Step 4: Perform Eigendecomposition\n",
    "eigenvalues, eigenvectors = np.linalg.eig(cov_matrix)\n",
    "eigenvalues, eigenvectors"
   ]
  },
  {
   "cell_type": "markdown",
   "metadata": {
    "id": "Ir4M0x6e0qel"
   },
   "source": [
    "### Step 5: Sort Principal Components\n",
    "Sort the eigenvectors based on their corresponding eigenvalues in descending order. The higher the eigenvalue, the more important the eigenvector.\n",
    "Complete the code to sort the eigenvectors and print the sorted components."
   ]
  },
  {
   "cell_type": "code",
   "execution_count": 4,
   "metadata": {
    "id": "tHXI3QOe0qel"
   },
   "outputs": [
    {
     "name": "stdout",
     "output_type": "stream",
     "text": [
      "Explained Variance Ratios: [6.88623537e-01 1.23212791e-01 8.31560676e-02 5.15135769e-02\n",
      " 2.31907611e-02 1.22768999e-02 9.41732506e-03 4.92327341e-03\n",
      " 2.44950841e-03 7.14316872e-04 3.27205111e-04 1.64938088e-04\n",
      " 2.97997713e-05]\n"
     ]
    }
   ],
   "source": [
    "# Step 5: Sort Principal Components\n",
    "sorted_indices = np.argsort(eigenvalues)[::-1]\n",
    "sorted_eigenvalues = eigenvalues[sorted_indices]\n",
    "sorted_eigenvectors = eigenvectors[:, sorted_indices]\n",
    "\n",
    "sorted_eigenvalues, sorted_eigenvectors\n",
    "\n",
    "# Calculate explained variance ratio\n",
    "explained_variance_ratio = sorted_eigenvalues / np.sum(sorted_eigenvalues)\n",
    "print(\"Explained Variance Ratios:\", explained_variance_ratio)"
   ]
  },
  {
   "cell_type": "markdown",
   "metadata": {
    "id": "3yV12LJH0qel"
   },
   "source": [
    "### Step 6: Project Data onto Principal Components\n",
    "Now that we’ve selected the number of components, we will project the original data onto the chosen principal components.\n",
    "Fill in the code to perform the projection."
   ]
  },
  {
   "cell_type": "code",
   "execution_count": 5,
   "metadata": {
    "id": "R__4Q57_0qem"
   },
   "outputs": [
    {
     "name": "stdout",
     "output_type": "stream",
     "text": [
      "Number of components to retain 95% variance: 5\n"
     ]
    }
   ],
   "source": [
    "cumulative_variance = np.cumsum(explained_variance_ratio)\n",
    "num_components = np.argmax(cumulative_variance >= 0.95) + 1\n",
    "print(f\"Number of components to retain 95% variance: {num_components}\")\n",
    "\n"
   ]
  },
  {
   "cell_type": "markdown",
   "metadata": {
    "id": "Lei7ranC0qem"
   },
   "source": [
    "### Step 7: Output the Reduced Data\n",
    "Finally, display the reduced data obtained by projecting the original dataset onto the selected principal components."
   ]
  },
  {
   "cell_type": "code",
   "execution_count": 6,
   "metadata": {
    "id": "8psp4Kj30qem"
   },
   "outputs": [
    {
     "data": {
      "text/plain": [
       "array([[ 3.15569908, -1.51331462,  1.51853348,  0.44635715,  0.02269345],\n",
       "       [-0.42394993, -2.13421661,  1.58333276,  0.79808389, -0.60968448],\n",
       "       [ 2.05534082, -1.8514677 ,  1.65623972,  0.2065853 , -0.41557238],\n",
       "       ...,\n",
       "       [-6.81216633,  0.444618  , -1.46099414, -2.28083392, -0.39144852],\n",
       "       [ 1.02930309, -2.24834901, -1.28076675, -0.2348994 , -0.70098022],\n",
       "       [ 2.03273877, -2.19234206, -1.4123657 ,  0.05746281, -0.58124685]],\n",
       "      shape=(3929, 5))"
      ]
     },
     "execution_count": 6,
     "metadata": {},
     "output_type": "execute_result"
    }
   ],
   "source": [
    "top_eigenvectors = sorted_eigenvectors[:, :num_components]\n",
    "reduced_data = np.dot(standardized_data, top_eigenvectors)\n",
    "reduced_data"
   ]
  },
  {
   "cell_type": "markdown",
   "metadata": {
    "id": "aT4TXhhp0qen"
   },
   "source": [
    "### Step 8: Visualize Before and After PCA\n",
    "Now, let's plot the original data and the data after PCA to compare the reduction in dimensions visually."
   ]
  },
  {
   "cell_type": "code",
   "execution_count": 7,
   "metadata": {
    "id": "3Udqhrrv0qen"
   },
   "outputs": [
    {
     "data": {
